+-----------+--------+----------+----------------+---------------+----------+--------+----------+----+
| precision | recall | f1-score | support-normal | support-tumor | accuracy | cancer | cv_folds | p  |
+-----------+--------+----------+----------------+---------------+----------+--------+----------+----+
|   0.428   |  0.5   |  0.461   |      10.5      |      62.5     |  0.856   |  COAD  |    2     | 0  |
|   0.428   |  0.5   |  0.461   |      10.5      |      62.5     |  0.856   |  COAD  |    2     | 5  |
|   0.428   |  0.5   |  0.461   |      10.5      |      62.5     |  0.856   |  COAD  |    2     | 10 |
|   0.494   | 0.514  |   0.46   |      11.0      |      30.0     |  0.732   |  ESCA  |    2     | 0  |
|   0.494   | 0.514  |   0.46   |      11.0      |      30.0     |  0.732   |  ESCA  |    2     | 5  |
|   0.494   | 0.514  |   0.46   |      11.0      |      30.0     |  0.732   |  ESCA  |    2     | 10 |
|   0.438   |  0.5   |  0.467   |      11.0      |      77.5     |  0.876   |  HNSC  |    2     | 0  |
|   0.438   |  0.5   |  0.467   |      11.0      |      77.5     |  0.876   |  HNSC  |    2     | 5  |
|   0.438   |  0.5   |  0.467   |      11.0      |      77.5     |  0.876   |  HNSC  |    2     | 10 |
|   0.459   |  0.5   |  0.479   |      2.0       |      22.5     |  0.918   |  READ  |    2     | 0  |
|   0.459   |  0.5   |  0.479   |      2.0       |      22.5     |  0.918   |  READ  |    2     | 5  |
|   0.459   |  0.5   |  0.479   |      2.0       |      22.5     |  0.918   |  READ  |    2     | 10 |
|   0.752   | 0.619  |  0.631   |      19.5      |      63.5     |  0.795   |  STAD  |    2     | 0  |
|   0.743   | 0.633  |   0.64   |      19.5      |      63.5     |  0.789   |  STAD  |    2     | 5  |
|   0.752   | 0.637  |  0.646   |      19.5      |      63.5     |  0.795   |  STAD  |    2     | 10 |
+-----------+--------+----------+----------------+---------------+----------+--------+----------+----+
