+-----------+--------+----------+--------+-----------+-----------+--------+----------+----+
| precision | recall | f1-score | pr-auc | support-0 | support-1 | cancer | cv_folds | p  |
+-----------+--------+----------+--------+-----------+-----------+--------+----------+----+
|   0.462   |  0.5   |   0.48   | 0.924  |    1.5    |    18.0   |  COAD  |    2     | 0  |
|   0.462   |  0.5   |   0.48   | 0.924  |    1.5    |    18.0   |  COAD  |    2     | 5  |
|   0.462   |  0.5   |   0.48   | 0.924  |    1.5    |    18.0   |  COAD  |    2     | 10 |
|    0.98   | 0.833  |   0.89   | 0.959  |    3.0    |    23.5   |  ESCA  |    2     | 0  |
|    0.98   | 0.833  |   0.89   | 0.959  |    3.0    |    23.5   |  ESCA  |    2     | 5  |
|    0.99   | 0.917  |  0.945   | 0.979  |    3.0    |    23.5   |  ESCA  |    2     | 10 |
|   0.477   |  0.5   |  0.488   | 0.953  |    3.0    |    61.0   |  HNSC  |    2     | 0  |
|   0.477   |  0.5   |  0.488   | 0.953  |    3.0    |    61.0   |  HNSC  |    2     | 5  |
|   0.477   |  0.5   |  0.488   | 0.953  |    3.0    |    61.0   |  HNSC  |    2     | 10 |
|   0.479   |  0.5   |  0.489   | 0.959  |    2.0    |    46.5   |  STAD  |    2     | 0  |
|   0.734   | 0.625  |  0.659   | 0.969  |    2.0    |    46.5   |  STAD  |    2     | 5  |
|   0.479   |  0.5   |  0.489   | 0.959  |    2.0    |    46.5   |  STAD  |    2     | 10 |
+-----------+--------+----------+--------+-----------+-----------+--------+----------+----+
