+-----------+--------+----------+--------+-----------+-----------+--------+----------+----+
| precision | recall | f1-score | pr-auc | support-0 | support-1 | cancer | cv_folds | p  |
+-----------+--------+----------+--------+-----------+-----------+--------+----------+----+
|   0.469   |  0.5   |  0.484   | 0.938  |    1.5    |    22.5   |  COAD  |    2     | 0  |
|   0.729   |  0.75  |  0.739   | 0.958  |    1.5    |    22.5   |  COAD  |    2     | 5  |
|   0.729   |  0.75  |  0.739   | 0.958  |    1.5    |    22.5   |  COAD  |    2     | 10 |
|   0.976   | 0.792  |  0.854   | 0.952  |    3.5    |    29.5   |  ESCA  |    2     | 0  |
|   0.984   | 0.854  |  0.906   | 0.967  |    3.5    |    29.5   |  ESCA  |    2     | 5  |
|   0.984   | 0.854  |  0.906   | 0.967  |    3.5    |    29.5   |  ESCA  |    2     | 10 |
|   0.478   |  0.5   |  0.489   | 0.957  |    3.5    |    77.0   |  HNSC  |    2     | 0  |
|   0.651   | 0.663  |  0.657   | 0.969  |    3.5    |    77.0   |  HNSC  |    2     | 5  |
|   0.478   |  0.5   |  0.489   | 0.957  |    3.5    |    77.0   |  HNSC  |    2     | 10 |
|   0.463   |  0.5   |  0.481   | 0.926  |    4.5    |    56.5   |  STAD  |    2     | 0  |
|   0.996   |  0.95  |   0.97   | 0.991  |    4.5    |    56.5   |  STAD  |    2     | 5  |
|   0.916   | 0.708  |  0.754   | 0.957  |    4.5    |    56.5   |  STAD  |    2     | 10 |
+-----------+--------+----------+--------+-----------+-----------+--------+----------+----+
