+-----------+--------+----------+-----------+-----------+-----------+-----------+--------+----------+----+
| precision | recall | f1-score | support-0 | support-1 | support-2 | support-3 | cancer | cv_folds | p  |
+-----------+--------+----------+-----------+-----------+-----------+-----------+--------+----------+----+
|   0.388   | 0.338  |  0.316   |    6.5    |    8.0    |    5.5    |    3.5    |  COAD  |    2     | 0  |
|   0.343   | 0.321  |  0.272   |    6.5    |    8.0    |    5.5    |    3.5    |  COAD  |    2     | 5  |
|   0.453   | 0.458  |   0.41   |    6.5    |    8.0    |    5.5    |    3.5    |  COAD  |    2     | 10 |
|   0.237   |  0.26  |  0.246   |    6.0    |    16.0   |    7.5    |    1.0    |  ESCA  |    2     | 0  |
|   0.227   | 0.302  |  0.251   |    6.0    |    16.0   |    7.5    |    1.0    |  ESCA  |    2     | 5  |
|    0.26   | 0.323  |  0.282   |    6.0    |    16.0   |    7.5    |    1.0    |  ESCA  |    2     | 10 |
|   0.204   | 0.238  |  0.211   |    5.0    |    12.5   |    12.5   |    37.0   |  HNSC  |    2     | 0  |
|   0.137   | 0.247  |  0.176   |    5.0    |    12.5   |    12.5   |    37.0   |  HNSC  |    2     | 5  |
|   0.203   | 0.267  |   0.21   |    5.0    |    12.5   |    12.5   |    37.0   |  HNSC  |    2     | 10 |
|   0.438   |  0.41  |  0.411   |    10.5   |    19.0   |    14.5   |    9.5    |  STAD  |    2     | 0  |
|   0.402   | 0.312  |  0.226   |    10.5   |    19.0   |    14.5   |    9.5    |  STAD  |    2     | 5  |
|   0.363   | 0.381  |  0.357   |    10.5   |    19.0   |    14.5   |    9.5    |  STAD  |    2     | 10 |
+-----------+--------+----------+-----------+-----------+-----------+-----------+--------+----------+----+
