+-----------+--------+----------+-----------+-----------+-----------+-----------+--------+----------+----+
| precision | recall | f1-score | support-0 | support-1 | support-2 | support-3 | cancer | cv_folds | p  |
+-----------+--------+----------+-----------+-----------+-----------+-----------+--------+----------+----+
|   0.105   |  0.25  |  0.148   |    4.0    |    8.0    |    4.0    |    3.0    |  COAD  |    2     | 0  |
|   0.105   |  0.25  |  0.148   |    4.0    |    8.0    |    4.0    |    3.0    |  COAD  |    2     | 5  |
|   0.105   |  0.25  |  0.148   |    4.0    |    8.0    |    4.0    |    3.0    |  COAD  |    2     | 10 |
|   0.133   |  0.25  |  0.173   |    5.0    |    13.0   |    5.5    |    1.0    |  ESCA  |    2     | 0  |
|   0.133   |  0.25  |  0.173   |    5.0    |    13.0   |    5.5    |    1.0    |  ESCA  |    2     | 5  |
|   0.133   |  0.25  |  0.173   |    5.0    |    13.0   |    5.5    |    1.0    |  ESCA  |    2     | 10 |
|    0.13   |  0.25  |  0.171   |    4.5    |    10.5   |    11.0   |    28.0   |  HNSC  |    2     | 0  |
|    0.13   |  0.25  |  0.171   |    4.5    |    10.5   |    11.0   |    28.0   |  HNSC  |    2     | 5  |
|    0.13   |  0.25  |  0.171   |    4.5    |    10.5   |    11.0   |    28.0   |  HNSC  |    2     | 10 |
|   0.313   | 0.264  |  0.206   |    9.0    |    15.5   |    11.5   |    7.0    |  STAD  |    2     | 0  |
|   0.102   | 0.222  |  0.136   |    9.0    |    15.5   |    11.5   |    7.0    |  STAD  |    2     | 5  |
|   0.096   | 0.214  |   0.13   |    9.0    |    15.5   |    11.5   |    7.0    |  STAD  |    2     | 10 |
+-----------+--------+----------+-----------+-----------+-----------+-----------+--------+----------+----+
