+-----------+--------+----------+-----------+-----------+-----------+-----------+----------+--------+----------+----+
| precision | recall | f1-score | support-0 | support-1 | support-2 | support-3 | accuracy | cancer | cv_folds | p  |
+-----------+--------+----------+-----------+-----------+-----------+-----------+----------+--------+----------+----+
|   0.327   | 0.342  |  0.322   |    6.5    |    8.0    |    5.5    |    3.5    |  0.361   |  COAD  |    2     | 0  |
|   0.308   | 0.276  |  0.235   |    6.5    |    8.0    |    5.5    |    3.5    |  0.341   |  COAD  |    2     | 5  |
|   0.572   | 0.454  |  0.453   |    6.5    |    8.0    |    5.5    |    3.5    |  0.509   |  COAD  |    2     | 10 |
|   0.325   | 0.378  |  0.345   |    6.0    |    16.0   |    7.5    |    1.0    |  0.557   |  ESCA  |    2     | 0  |
|   0.352   | 0.359  |  0.325   |    6.0    |    16.0   |    7.5    |    1.0    |  0.574   |  ESCA  |    2     | 5  |
|   0.418   | 0.403  |  0.364   |    6.0    |    16.0   |    7.5    |    1.0    |  0.608   |  ESCA  |    2     | 10 |
|   0.372   |  0.28  |  0.273   |    5.0    |    12.5   |    12.5   |    37.0   |  0.515   |  HNSC  |    2     | 0  |
|   0.138   |  0.25  |  0.178   |    5.0    |    12.5   |    12.5   |    37.0   |  0.552   |  HNSC  |    2     | 5  |
|   0.179   |  0.25  |  0.191   |    5.0    |    12.5   |    12.5   |    37.0   |  0.537   |  HNSC  |    2     | 10 |
|   0.495   | 0.479  |  0.482   |    10.5   |    19.0   |    14.5   |    9.5    |  0.505   |  STAD  |    2     | 0  |
|   0.259   | 0.278  |  0.191   |    10.5   |    19.0   |    14.5   |    9.5    |  0.383   |  STAD  |    2     | 5  |
|   0.467   |  0.38  |  0.367   |    10.5   |    19.0   |    14.5   |    9.5    |   0.43   |  STAD  |    2     | 10 |
+-----------+--------+----------+-----------+-----------+-----------+-----------+----------+--------+----------+----+
